[ 6263.493704] [Project1] 4953 1587989352.408065496 1587989353.058916049
[ 6264.747295] [Project1] 4954 1587989353.674845101 1587989354.312504562
[ 6266.015559] [Project1] 4955 1587989354.941449236 1587989355.580769439
[ 6267.288449] [Project1] 4956 1587989356.216601250 1587989356.853660929
[ 6268.549758] [Project1] 4957 1587989357.476534840 1587989358.114971098
[ 6269.797879] [Project1] 4958 1587989358.718333777 1587989359.363094425
[ 6271.075919] [Project1] 4959 1587989359.988442410 1587989360.641128294
[ 6272.338188] [Project1] 4960 1587989361.264952307 1587989361.903389367
[ 6273.600021] [Project1] 4961 1587989362.523905473 1587989363.165215097
[ 6274.840283] [Project1] 4962 1587989363.781356117 1587989364.405491608
